image_width: 640
image_height: 480
camera_name: camera
camera_matrix:
  rows: 3
  cols: 3
  data: [974.639722280553, 0, 325.2219307080172, 0, 978.2335930289047, 155.9419932353187, 0, 0, 1]
distortion_model: plumb_bob
distortion_coefficients:
  rows: 1
  cols: 5
  data: [0.1448506711647179, -0.164749723702339, -0.02267274975892432, 0.00436140995810821, 0]
rectification_matrix:
  rows: 3
  cols: 3
  data: [0.9992612621085815, -0.01489548780841712, 0.03542674825769457, 0.01559684537683614, 0.9996861591006628, -0.01960412499590895, -0.03512361689028952, 0.0201421882007257, 0.999179975675569]
projection_matrix:
  rows: 3
  cols: 4
  data: [1052.994200184751, 0, 281.2529792785645, -195.6094013141718, 0, 1052.994200184751, 179.0296669006348, 0, 0, 0, 1, 0]