image_width: 640
image_height: 480
camera_name: camera
camera_matrix:
  rows: 3
  cols: 3
  data: [711.3401960117867, 0, 321.6681628440184, 0, 711.8420907552232, 244.7626639641215, 0, 0, 1]
distortion_model: plumb_bob
distortion_coefficients:
  rows: 1
  cols: 5
  data: [0.1151693205904248, -0.04557178563289484, 0.0009075879461646628, 0.001582528671436129, 0]
rectification_matrix:
  rows: 3
  cols: 3
  data: [0.9995874972240395, -0.006506629196685173, 0.02797318662358016, 0.006729500191710505, 0.9999463038412604, -0.00788056224970158, -0.02792040867449055, 0.008065557060643571, 0.999577609577541]
projection_matrix:
  rows: 3
  cols: 4
  data: [1135.795066143117, 0, 286.2469100952148, -190.1291130438056, 0, 1135.795066143117, 230.2799816131592, 0, 0, 0, 1, 0]