image_width: 640
image_height: 480
camera_name: camera
camera_matrix:
  rows: 3
  cols: 3
  data: [818.6499884408845, 0, 334.8107916155259, 0, 818.0229112330626, 252.4895037215385, 0, 0, 1]
distortion_model: plumb_bob
distortion_coefficients:
  rows: 1
  cols: 5
  data: [0.06810235250195627, 0.2524198656656691, 0.0001217193453359278, 0.001343599851509464, 0]
rectification_matrix:
  rows: 3
  cols: 3
  data: [0.998504326733529, -0.001401954394975415, -0.05465477123084947, 0.001329670755879992, 0.9999981926942898, -0.001358890663439536, 0.05465657755570723, 0.001284185356027232, 0.9985043862687176]
projection_matrix:
  rows: 3
  cols: 4
  data: [895.326177647357, 0, 387.3433609008789, -81.00116645189929, 0, 895.326177647357, 242.4740924835205, 0, 0, 0, 1, 0]