image_width: 640
image_height: 480
camera_name: head_camera
camera_matrix:
  rows: 3
  cols: 3
  data: [723.6077294540605, 0, 323.7980963776131, 0, 724.0926298424106, 239.042999740812, 0, 0, 1]
distortion_model: plumb_bob
distortion_coefficients:
  rows: 1
  cols: 5
  data: [0.141946919224723, -0.08199416965261043, -0.004844699722476445, 0.003704912214591229, 0]
rectification_matrix:
  rows: 3
  cols: 3
  data: [0.9997415471362378, -0.02054132715078949, -0.009741293986217122, 0.02040784576853304, 0.9996991041333925, -0.01360959315998642, 0.01001792197660968, 0.01340727689640293, 0.9998599332734029]
projection_matrix:
  rows: 3
  cols: 4
  data: [1181.957828459075, 0, 319.3833484649658, -421.9459562887984, 0, 1181.957828459075, 227.6574096679688, 0, 0, 0, 1, 0]