image_width: 640
image_height: 480
camera_name: left_camera
camera_matrix:
  rows: 3
  cols: 3
  data: [730.0962862368004, 0, 300.6074883776247, 0, 729.4947555312372, 239.2806636259247, 0, 0, 1]
distortion_model: plumb_bob
distortion_coefficients:
  rows: 1
  cols: 5
  data: [0.1403767645460758, -0.08804157211462152, 0.003946456805284347, -0.008922366826138809, 0]
rectification_matrix:
  rows: 3
  cols: 3
  data: [0.9509154191015027, 0.03989590137305895, -0.3068683476161146, -0.02474233071743259, 0.9982818003229434, 0.05311557412522309, 0.308460180227015, -0.04291578028667347, 0.9502686741215367]
projection_matrix:
  rows: 3
  cols: 4
  data: [1149.167460489833, 0, 595.9332957267761, 0, 0, 1149.167460489833, 196.0581836700439, 0, 0, 0, 1, 0]