image_width: 640
image_height: 480
camera_name: right_camera
camera_matrix:
  rows: 3
  cols: 3
  data: [1012.524642425834, 0, 272.0980829401529, 0, 1018.359606332433, 154.1415743222994, 0, 0, 1]
distortion_model: plumb_bob
distortion_coefficients:
  rows: 1
  cols: 5
  data: [0.199562841000481, -0.4698778159453052, -0.01426762580013881, -0.01405016976257105, 0]
rectification_matrix:
  rows: 3
  cols: 3
  data: [0.9565703520320064, 0.01712137690385012, -0.2909983162602142, -0.0314040052934471, 0.998516473243639, -0.04448191894033283, 0.2898050207724022, 0.05168859752403331, 0.9556889341313448]
projection_matrix:
  rows: 3
  cols: 4
  data: [1149.167460489833, 0, 595.9332957267761, -170.8943966949682, 0, 1149.167460489833, 196.0581836700439, 0, 0, 0, 1, 0]